  2451624.68500         83.50000          1.00000
  2451624.90500        153.00000          1.00000
  2451625.68600        190.00000          1.00000
  2451626.82000       -178.00000          1.00000
  2451626.83000       -175.00000          1.00000
  2451627.74700       -131.00000          1.00000
  2451628.70200         79.10000          1.00000
  2451640.72500         84.00000          1.00000
  2451640.76800         88.00000          1.00000
  2451640.81200         98.80000          1.00000
  2451640.85100         99.30000          1.00000
  2451640.89700        136.00000          1.00000
  2451641.74500        188.59000          1.00000
  2451641.78700        157.16000          1.00000
  2451642.63600         35.50000          1.00000
  2451642.67700        -97.80000          1.00000
  2451644.64000         54.40000          1.00000
  2451644.67800         57.50000          1.00000
  2451644.71800         66.90000          1.00000
  2451654.70000         14.90000          1.00000
  2451655.60400       -164.00000          1.00000
  2451657.63100        210.00000          1.00000
  2451657.67000        202.95000          1.00000
  2451661.58700        207.00000          1.00000
  2451661.62400        211.94000          1.00000
  2451663.64600       -155.28000          1.00000
  2451663.68100       -154.82000          1.00000
  2451664.61400        -56.10000          1.00000
  2451664.65100        -54.70000          1.00000
  2451665.59800        200.26000          1.00000
  2451666.60300         32.40000          1.00000
  2451671.62100       -157.00000          1.00000
  2451672.60300        -65.90000          1.00000
