  2451624.68500        -75.40000          1.00000
  2451624.90500        -96.00000          1.00000
  2451625.68600       -112.00000          1.00000
  2451626.82000         95.20000          1.00000
  2451626.83000         94.30000          1.00000
  2451627.74700         80.00000          1.00000
  2451628.70200        -66.40000          1.00000
  2451640.72500        -66.80000          1.00000
  2451640.76800        -67.30000          1.00000
  2451640.81200        -73.10000          1.00000
  2451640.85100        -81.20000          1.00000
  2451640.89700        -87.50000          1.00000
  2451641.74500       -117.00000          1.00000
  2451641.78700       -109.00000          1.00000
  2451642.63600         40.00000          1.00000
  2451642.67700         67.80000          1.00000
  2451644.64000        -39.50000          1.00000
  2451644.67800        -49.80000          1.00000
  2451644.71800        -55.60000          1.00000
  2451654.70000         46.70000          1.00000
  2451655.60400        102.00000          1.00000
  2451657.63100       -123.00000          1.00000
  2451657.67000       -119.00000          1.00000
  2451661.58700       -131.00000          1.00000
  2451661.62400       -128.00000          1.00000
  2451663.64600        107.00000          1.00000
  2451663.68100        103.00000          1.00000
  2451664.61400        -17.90000          1.00000
  2451664.65100        -19.70000          1.00000
  2451665.59800       -129.00000          1.00000
  2451666.60300         24.70000          1.00000
  2451671.62100        109.00000          1.00000
  2451672.60300        -17.00000          1.00000
