; Fake Kepler light curve
; No Quarter ! Yarr
; CBVs have been removed.
; Column 1:  Time (MBJD)
; Column 2:  Normalized flux with CBVs removed
; Column 3:  Errors on the flux data
0.0 14637.023485419317 7.3903134214040325
0.002506265664160401 14620.565505045692 7.3903134214040325
0.005012531328320802 14629.545385448595 7.3903134214040325
0.007518796992481203 14630.908494196447 7.3903134214040325
0.010025062656641603 14626.192727102361 7.3903134214040325
0.012531328320802004 14608.350114585843 7.3903134214040325
0.015037593984962405 14622.51128316418 7.3903134214040325
0.017543859649122806 14618.953414876903 7.3903134214040325
0.020050125313283207 14618.183077073529 7.3903134214040325
0.022556390977443608 14612.351768137085 7.3903134214040325
0.02506265664160401 14632.990132860516 7.3903134214040325
0.02756892230576441 14616.780053071408 7.3903134214040325
0.03007518796992481 14612.542208239098 7.3903134214040325
0.03258145363408521 14618.700795670617 7.3903134214040325
0.03508771929824561 14615.669241315549 7.3903134214040325
0.03759398496240601 14636.797533637497 7.3903134214040325
0.040100250626566414 14619.712172564496 7.3903134214040325
0.042606516290726815 14622.134951972797 7.3903134214040325
0.045112781954887216 14616.464843380818 7.3903134214040325
0.047619047619047616 14611.473425095663 7.3903134214040325
0.05012531328320802 14623.873707439217 7.3903134214040325
0.05263157894736842 14612.746716323814 7.3903134214040325
0.05513784461152882 14627.257297572669 7.3903134214040325
0.05764411027568922 14614.549425080884 7.3903134214040325
0.06015037593984962 14619.721777184232 7.3903134214040325
0.06265664160401002 14618.959282977668 7.3903134214040325
0.06516290726817042 14613.522490373774 7.3903134214040325
0.06766917293233082 14605.970901038672 7.3903134214040325
0.07017543859649122 14612.546276869018 7.3903134214040325
0.07268170426065163 14624.429011086057 7.3903134214040325
0.07518796992481203 14606.274896555691 7.3903134214040325
0.07769423558897243 14627.214853852924 7.3903134214040325
0.08020050125313283 14610.664684596608 7.3903134214040325
0.08270676691729323 14610.749717068462 7.3903134214040325
0.08521303258145363 14616.412135904273 7.3903134214040325
0.08771929824561403 14620.824396515694 7.3903134214040325
0.09022556390977443 14625.503791202236 7.3903134214040325
0.09273182957393483 14627.731347542109 7.3903134214040325
0.09523809523809523 14612.706588314613 7.3903134214040325
0.09774436090225563 14610.121122587585 7.3903134214040325
0.10025062656641603 14613.306031421622 7.3903134214040325
0.10275689223057644 14622.903949482812 7.3903134214040325
0.10526315789473684 14624.023811551524 7.3903134214040325
0.10776942355889724 14616.652250010316 7.3903134214040325
0.11027568922305764 14612.710180537673 7.3903134214040325
0.11278195488721804 14625.547729787046 7.3903134214040325
0.11528822055137844 14622.19836537693 7.3903134214040325
0.11779448621553884 14619.789839652329 7.3903134214040325
0.12030075187969924 14625.196744096216 7.3903134214040325
0.12280701754385964 14618.695944173112 7.3903134214040325
0.12531328320802004 14624.884322433474 7.3903134214040325
0.12781954887218044 14629.28675174399 7.3903134214040325
0.13032581453634084 14632.175591037689 7.3903134214040325
0.13283208020050125 14624.085671845594 7.3903134214040325
0.13533834586466165 14620.142904060584 7.3903134214040325
0.13784461152882205 14627.202782296099 7.3903134214040325
0.14035087719298245 14618.105358883367 7.3903134214040325
0.14285714285714285 14626.401997179802 7.3903134214040325
0.14536340852130325 14623.18617911494 7.3903134214040325
0.14786967418546365 14632.028024723837 7.3903134214040325
0.15037593984962405 14631.989670206789 7.3903134214040325
0.15288220551378445 14625.080338587386 7.3903134214040325
0.15538847117794485 14633.062324967748 7.3903134214040325
0.15789473684210525 14620.915671354129 7.3903134214040325
0.16040100250626566 14638.519717810224 7.3903134214040325
0.16290726817042606 14633.504386570743 7.3903134214040325
0.16541353383458646 14623.505175675944 7.3903134214040325
0.16791979949874686 14626.212485250242 7.3903134214040325
0.17042606516290726 14644.921995215314 7.3903134214040325
0.17293233082706766 14639.523752120633 7.3903134214040325
0.17543859649122806 14628.065535035501 7.3903134214040325
0.17794486215538846 14642.871667104557 7.3903134214040325
0.18045112781954886 14639.429570257458 7.3903134214040325
0.18295739348370926 14636.454768013657 7.3903134214040325
0.18546365914786966 14636.297380533828 7.3903134214040325
0.18796992481203006 14633.292138322142 7.3903134214040325
0.19047619047619047 14634.005446544455 7.3903134214040325
0.19298245614035087 14637.391815953886 7.3903134214040325
0.19548872180451127 14639.011995413923 7.3903134214040325
0.19799498746867167 14637.878349751074 7.3903134214040325
0.20050125313283207 14632.121759506766 7.3903134214040325
0.20300751879699247 14636.572893770477 7.3903134214040325
0.20551378446115287 14647.457589606329 7.3903134214040325
0.20802005012531327 14626.033579476734 7.3903134214040325
0.21052631578947367 14638.511140601628 7.3903134214040325
0.21303258145363407 14647.270686422202 7.3903134214040325
0.21553884711779447 14643.926272980074 7.3903134214040325
0.21804511278195488 14633.094564681413 7.3903134214040325
0.22055137844611528 14647.750122853853 7.3903134214040325
0.22305764411027568 14653.393631151857 7.3903134214040325
0.22556390977443608 14640.42770187125 7.3903134214040325
0.22807017543859648 14662.866968719361 7.3903134214040325
0.23057644110275688 14660.867094718304 7.3903134214040325
0.23308270676691728 14658.283749985294 7.3903134214040325
0.23558897243107768 14647.608415931358 7.3903134214040325
0.23809523809523808 14648.732417124911 7.3903134214040325
0.24060150375939848 14658.640857583334 7.3903134214040325
0.24310776942355888 14647.442398110325 7.3903134214040325
0.24561403508771928 14658.858241741877 7.3903134214040325
0.24812030075187969 14659.412938336383 7.3903134214040325
0.2506265664160401 14649.115585544616 7.3903134214040325
0.2531328320802005 14660.258415116883 7.3903134214040325
0.2556390977443609 14682.420790959606 7.3903134214040325
0.2581453634085213 14659.681604666686 7.3903134214040325
0.2606516290726817 14659.763697076209 7.3903134214040325
0.2631578947368421 14663.360381131686 7.3903134214040325
0.2656641604010025 14667.518654016685 7.3903134214040325
0.2681704260651629 14673.619351989628 7.3903134214040325
0.2706766917293233 14685.060611413588 7.3903134214040325
0.2731829573934837 14663.68017149196 7.3903134214040325
0.2756892230576441 14674.310321119721 7.3903134214040325
0.2781954887218045 14666.576871608926 7.3903134214040325
0.2807017543859649 14671.326810621404 7.3903134214040325
0.2832080200501253 14676.346320187933 7.3903134214040325
0.2857142857142857 14672.68358158631 7.3903134214040325
0.2882205513784461 14683.263725768016 7.3903134214040325
0.2907268170426065 14689.27025930343 7.3903134214040325
0.2932330827067669 14684.762105225233 7.3903134214040325
0.2957393483709273 14671.904021177521 7.3903134214040325
0.2982456140350877 14672.437972547361 7.3903134214040325
0.3007518796992481 14675.8683984981 7.3903134214040325
0.3032581453634085 14679.098690634148 7.3903134214040325
0.3057644110275689 14678.001933439822 7.3903134214040325
0.3082706766917293 14697.816917793214 7.3903134214040325
0.3107769423558897 14683.28072557115 7.3903134214040325
0.3132832080200501 14698.796185574942 7.3903134214040325
0.3157894736842105 14691.127808842335 7.3903134214040325
0.3182957393483709 14693.197402667987 7.3903134214040325
0.3208020050125313 14690.387449080936 7.3903134214040325
0.3233082706766917 14685.633968320166 7.3903134214040325
0.3258145363408521 14702.472211954928 7.3903134214040325
0.3283208020050125 14710.262870272536 7.3903134214040325
0.3308270676691729 14710.733920786543 7.3903134214040325
0.3333333333333333 14705.976940968367 7.3903134214040325
0.3358395989974937 14696.078951135234 7.3903134214040325
0.3383458646616541 14695.238614246126 7.3903134214040325
0.3408521303258145 14710.711024041464 7.3903134214040325
0.3433583959899749 14706.958618203986 7.3903134214040325
0.3458646616541353 14705.923934953316 7.3903134214040325
0.3483709273182957 14719.699774069195 7.3903134214040325
0.3508771929824561 14704.983247234519 7.3903134214040325
0.3533834586466165 14714.075916774358 7.3903134214040325
0.3558897243107769 14715.649429087174 7.3903134214040325
0.3583959899749373 14709.40356580148 7.3903134214040325
0.3609022556390977 14719.762373040187 7.3903134214040325
0.3634085213032581 14706.675195784885 7.3903134214040325
0.3659147869674185 14714.05253661662 7.3903134214040325
0.3684210526315789 14714.292966271409 7.3903134214040325
0.37092731829573933 14723.158750912939 7.3903134214040325
0.37343358395989973 14709.527485885661 7.3903134214040325
0.37593984962406013 14730.713600905558 7.3903134214040325
0.37844611528822053 14729.855638545878 7.3903134214040325
0.38095238095238093 14725.784850873712 7.3903134214040325
0.38345864661654133 14718.963423053307 7.3903134214040325
0.38596491228070173 14738.216129998847 7.3903134214040325
0.38847117794486213 14726.764374787555 7.3903134214040325
0.39097744360902253 14723.232069435988 7.3903134214040325
0.39348370927318294 14731.97623424446 7.3903134214040325
0.39598997493734334 14729.688296443044 7.3903134214040325
0.39849624060150374 14737.006118025107 7.3903134214040325
0.40100250626566414 14732.273445148445 7.3903134214040325
0.40350877192982454 14737.549621044043 7.3903134214040325
0.40601503759398494 14751.610660255265 7.3903134214040325
0.40852130325814534 14735.148898713245 7.3903134214040325
0.41102756892230574 14735.63642264019 7.3903134214040325
0.41353383458646614 14747.423690695012 7.3903134214040325
0.41604010025062654 14741.244819623847 7.3903134214040325
0.41854636591478694 14744.20149407774 7.3903134214040325
0.42105263157894735 14759.471212465376 7.3903134214040325
0.42355889724310775 14751.47476265258 7.3903134214040325
0.42606516290726815 14764.67229246922 7.3903134214040325
0.42857142857142855 14740.297345282264 7.3903134214040325
0.43107769423558895 14748.805268845006 7.3903134214040325
0.43358395989974935 14741.225694041346 7.3903134214040325
0.43609022556390975 14757.591404218525 7.3903134214040325
0.43859649122807015 14761.224889654795 7.3903134214040325
0.44110275689223055 14745.564278768652 7.3903134214040325
0.44360902255639095 14770.166217456863 7.3903134214040325
0.44611528822055135 14767.35413194896 7.3903134214040325
0.44862155388471175 14778.342740521395 7.3903134214040325
0.45112781954887216 14750.30588123689 7.3903134214040325
0.45363408521303256 14760.751791892728 7.3903134214040325
0.45614035087719296 14766.14904694504 7.3903134214040325
0.45864661654135336 14749.257516105434 7.3903134214040325
0.46115288220551376 14771.495303748987 7.3903134214040325
0.46365914786967416 14759.868119987348 7.3903134214040325
0.46616541353383456 14769.010204781642 7.3903134214040325
0.46867167919799496 14768.898940628069 7.3903134214040325
0.47117794486215536 14773.09844574289 7.3903134214040325
0.47368421052631576 14764.302605029452 7.3903134214040325
0.47619047619047616 14756.717003538206 7.3903134214040325
0.47869674185463656 14775.546294278298 7.3903134214040325
0.48120300751879697 14775.573671751179 7.3903134214040325
0.48370927318295737 14770.7723754884 7.3903134214040325
0.48621553884711777 14777.501055367151 7.3903134214040325
0.48872180451127817 14762.198257074328 7.3903134214040325
0.49122807017543857 14771.051651668564 7.3903134214040325
0.49373433583959897 14777.354572516992 7.3903134214040325
0.49624060150375937 14782.19292208509 7.3903134214040325
0.49874686716791977 14774.859703011482 7.3903134214040325
0.5012531328320802 14767.452256364268 7.3903134214040325
0.5037593984962406 14777.78395937112 7.3903134214040325
0.506265664160401 14772.13914752468 7.3903134214040325
0.5087719298245614 14778.408747050902 7.3903134214040325
0.5112781954887218 14790.29340772571 7.3903134214040325
0.5137844611528822 14769.946960582321 7.3903134214040325
0.5162907268170426 14775.495520294033 7.3903134214040325
0.518796992481203 14774.759111120979 7.3903134214040325
0.5213032581453634 14776.182009508897 7.3903134214040325
0.5238095238095238 14783.723452176127 7.3903134214040325
0.5263157894736842 14776.1450049264 7.3903134214040325
0.5288220551378446 14793.646542403985 7.3903134214040325
0.531328320802005 14769.465812379189 7.3903134214040325
0.5338345864661654 14793.570955701694 7.3903134214040325
0.5363408521303258 14791.241759968103 7.3903134214040325
0.5388471177944862 14776.445104948682 7.3903134214040325
0.5413533834586466 14783.38158190933 7.3903134214040325
0.543859649122807 14789.656641318103 7.3903134214040325
0.5463659147869674 14784.996072294416 7.3903134214040325
0.5488721804511278 14785.023780944126 7.3903134214040325
0.5513784461152882 14779.090189788167 7.3903134214040325
0.5538847117794486 14785.69224088034 7.3903134214040325
0.556390977443609 14773.780475998237 7.3903134214040325
0.5588972431077694 14785.046082436513 7.3903134214040325
0.5614035087719298 14784.41640241344 7.3903134214040325
0.5639097744360902 14784.608660885404 7.3903134214040325
0.5664160401002506 14774.662862340896 7.3903134214040325
0.568922305764411 14784.436166480295 7.3903134214040325
0.5714285714285714 14767.54303932789 7.3903134214040325
0.5739348370927319 14778.108303017336 7.3903134214040325
0.5764411027568922 14790.141997826646 7.3903134214040325
0.5789473684210527 14760.97407442386 7.3903134214040325
0.581453634085213 14772.801783512556 7.3903134214040325
0.5839598997493735 14782.602709266524 7.3903134214040325
0.5864661654135338 14763.212958675216 7.3903134214040325
0.5889724310776943 14763.636505343884 7.3903134214040325
0.5914786967418546 14775.69106845878 7.3903134214040325
0.5939849624060151 14778.522048500472 7.3903134214040325
0.5964912280701754 14774.569204473664 7.3903134214040325
0.5989974937343359 14772.79871797284 7.3903134214040325
0.6015037593984962 14778.533117520776 7.3903134214040325
0.6040100250626567 14767.777939801908 7.3903134214040325
0.606516290726817 14784.586110690714 7.3903134214040325
0.6090225563909775 14791.997323703654 7.3903134214040325
0.6115288220551378 14776.204942295242 7.3903134214040325
0.6140350877192983 14768.591528092418 7.3903134214040325
0.6165413533834586 14785.662901756716 7.3903134214040325
0.6190476190476191 14769.177275622156 7.3903134214040325
0.6215538847117794 14774.34992179298 7.3903134214040325
0.6240601503759399 14777.175775274665 7.3903134214040325
0.6265664160401002 14773.801968357911 7.3903134214040325
0.6290726817042607 14758.28487605551 7.3903134214040325
0.631578947368421 14774.443807352307 7.3903134214040325
0.6340852130325815 14764.436021166757 7.3903134214040325
0.6365914786967418 14762.368296353838 7.3903134214040325
0.6390977443609023 14756.533538974123 7.3903134214040325
0.6416040100250626 14764.371884347682 7.3903134214040325
0.6441102756892231 14766.287907829861 7.3903134214040325
0.6466165413533834 14771.78921823833 7.3903134214040325
0.6491228070175439 14774.131000967338 7.3903134214040325
0.6516290726817042 14755.903906721167 7.3903134214040325
0.6541353383458647 14749.538380962513 7.3903134214040325
0.656641604010025 14765.052622018786 7.3903134214040325
0.6591478696741855 14761.270443823012 7.3903134214040325
0.6616541353383458 14774.40434786741 7.3903134214040325
0.6641604010025063 14758.923184369483 7.3903134214040325
0.6666666666666666 14763.981669891822 7.3903134214040325
0.6691729323308271 14747.309263841926 7.3903134214040325
0.6716791979949874 14753.959604399952 7.3903134214040325
0.6741854636591479 14756.012160905771 7.3903134214040325
0.6766917293233082 14755.408920245636 7.3903134214040325
0.6791979949874687 14757.59390245692 7.3903134214040325
0.681704260651629 14761.464505335203 7.3903134214040325
0.6842105263157895 14757.46656257114 7.3903134214040325
0.6867167919799498 14752.620216586729 7.3903134214040325
0.6892230576441103 14751.006307643778 7.3903134214040325
0.6917293233082706 14741.471374041783 7.3903134214040325
0.6942355889724311 14740.539163994314 7.3903134214040325
0.6967418546365914 14764.347351284003 7.3903134214040325
0.6992481203007519 14755.260015064701 7.3903134214040325
0.7017543859649122 14744.33864361047 7.3903134214040325
0.7042606516290727 14748.381125022002 7.3903134214040325
0.706766917293233 14751.91399877643 7.3903134214040325
0.7092731829573935 14737.631367521833 7.3903134214040325
0.7117794486215538 14747.533844978863 7.3903134214040325
0.7142857142857143 14740.63808131381 7.3903134214040325
0.7167919799498746 14747.285081093929 7.3903134214040325
0.7192982456140351 14764.360270809333 7.3903134214040325
0.7218045112781954 14749.423264281693 7.3903134214040325
0.7243107769423559 14741.785454045234 7.3903134214040325
0.7268170426065163 14741.017112396285 7.3903134214040325
0.7293233082706767 14744.79601330705 7.3903134214040325
0.731829573934837 14748.91228235486 7.3903134214040325
0.7343358395989975 14736.34374506363 7.3903134214040325
0.7368421052631579 14738.230447890308 7.3903134214040325
0.7393483709273183 14748.118881884659 7.3903134214040325
0.7418546365914787 14744.141412697873 7.3903134214040325
0.7443609022556391 14741.0585324556 7.3903134214040325
0.7468671679197995 14736.08564069429 7.3903134214040325
0.7493734335839599 14728.025880518546 7.3903134214040325
0.7518796992481203 14720.068521529623 7.3903134214040325
0.7543859649122807 14721.52397340408 7.3903134214040325
0.7568922305764411 14743.67136920532 7.3903134214040325
0.7593984962406015 14716.90852469168 7.3903134214040325
0.7619047619047619 14719.043259821523 7.3903134214040325
0.7644110275689223 14732.92774247471 7.3903134214040325
0.7669172932330827 14726.201486678136 7.3903134214040325
0.7694235588972431 14727.658674119057 7.3903134214040325
0.7719298245614035 14716.850991339883 7.3903134214040325
0.7744360902255639 14721.174887296536 7.3903134214040325
0.7769423558897243 14715.14434931766 7.3903134214040325
0.7794486215538847 14717.238183180647 7.3903134214040325
0.7819548872180451 14707.368260013036 7.3903134214040325
0.7844611528822055 14707.84488165187 7.3903134214040325
0.7869674185463659 14718.659920812679 7.3903134214040325
0.7894736842105263 14732.906038157922 7.3903134214040325
0.7919799498746867 14719.980717432323 7.3903134214040325
0.7944862155388471 14700.123783887942 7.3903134214040325
0.7969924812030075 14712.75641170395 7.3903134214040325
0.7994987468671679 14729.641420666745 7.3903134214040325
0.8020050125313283 14704.631180124716 7.3903134214040325
0.8045112781954887 14699.22420468675 7.3903134214040325
0.8070175438596491 14699.969160084089 7.3903134214040325
0.8095238095238095 14714.413172862578 7.3903134214040325
0.8120300751879699 14700.79774173184 7.3903134214040325
0.8145363408521303 14690.256890471697 7.3903134214040325
0.8170426065162907 14700.328175084773 7.3903134214040325
0.8195488721804511 14704.12414478263 7.3903134214040325
0.8220551378446115 14692.161656944176 7.3903134214040325
0.8245614035087719 14701.509423938396 7.3903134214040325
0.8270676691729323 14712.9497983762 7.3903134214040325
0.8295739348370927 14692.093840100268 7.3903134214040325
0.8320802005012531 14692.772998661076 7.3903134214040325
0.8345864661654135 14699.061297667555 7.3903134214040325
0.8370927318295739 14688.844083305306 7.3903134214040325
0.8395989974937343 14698.907094899507 7.3903134214040325
0.8421052631578947 14694.311836760597 7.3903134214040325
0.8446115288220551 14673.67948837714 7.3903134214040325
0.8471177944862155 14688.40545608435 7.3903134214040325
0.849624060150376 14688.626735969407 7.3903134214040325
0.8521303258145363 14691.455764628803 7.3903134214040325
0.8546365914786967 14688.841557966474 7.3903134214040325
0.8571428571428571 14686.799432319222 7.3903134214040325
0.8596491228070176 14686.566815956216 7.3903134214040325
0.8621553884711779 14672.443021379606 7.3903134214040325
0.8646616541353384 14674.178566155566 7.3903134214040325
0.8671679197994987 14663.133094390041 7.3903134214040325
0.8696741854636592 14676.946873923489 7.3903134214040325
0.8721804511278195 14675.843079889402 7.3903134214040325
0.87468671679198 14669.766867792048 7.3903134214040325
0.8771929824561403 14654.122532898964 7.3903134214040325
0.8796992481203008 14676.02866415301 7.3903134214040325
0.8822055137844611 14663.755380678242 7.3903134214040325
0.8847117794486216 14675.70956625265 7.3903134214040325
0.8872180451127819 14658.640449074153 7.3903134214040325
0.8897243107769424 14659.902745526724 7.3903134214040325
0.8922305764411027 14654.996350831856 7.3903134214040325
0.8947368421052632 14653.20590521639 7.3903134214040325
0.8972431077694235 14661.447437169945 7.3903134214040325
0.899749373433584 14656.132799027959 7.3903134214040325
0.9022556390977443 14660.593847857637 7.3903134214040325
0.9047619047619048 14664.871893926436 7.3903134214040325
0.9072681704260651 14646.280261692746 7.3903134214040325
0.9097744360902256 14651.338539278997 7.3903134214040325
0.9122807017543859 14654.23464502693 7.3903134214040325
0.9147869674185464 14663.013181898168 7.3903134214040325
0.9172932330827067 14655.333588077952 7.3903134214040325
0.9197994987468672 14643.256729791188 7.3903134214040325
0.9223057644110275 14644.87578090916 7.3903134214040325
0.924812030075188 14645.613098838741 7.3903134214040325
0.9273182957393483 14648.146996128173 7.3903134214040325
0.9298245614035088 14649.83462935081 7.3903134214040325
0.9323308270676691 14651.21539308198 7.3903134214040325
0.9348370927318296 14648.533134296033 7.3903134214040325
0.9373433583959899 14646.793440812919 7.3903134214040325
0.9398496240601504 14652.205891941812 7.3903134214040325
0.9423558897243107 14648.481766462442 7.3903134214040325
0.9448621553884712 14644.93187609375 7.3903134214040325
0.9473684210526315 14639.094653324057 7.3903134214040325
0.949874686716792 14629.216561253423 7.3903134214040325
0.9523809523809523 14634.319986284907 7.3903134214040325
0.9548872180451128 14637.42718893885 7.3903134214040325
0.9573934837092731 14638.226679610962 7.3903134214040325
0.9598997493734336 14625.348000110249 7.3903134214040325
0.9624060150375939 14636.44484242844 7.3903134214040325
0.9649122807017544 14632.525185452685 7.3903134214040325
0.9674185463659147 14639.866324392697 7.3903134214040325
0.9699248120300752 14643.930577531783 7.3903134214040325
0.9724310776942355 14642.222172883465 7.3903134214040325
0.974937343358396 14643.264403287307 7.3903134214040325
0.9774436090225563 14640.604707027362 7.3903134214040325
0.9799498746867168 14629.66218123932 7.3903134214040325
0.9824561403508771 14645.340212641244 7.3903134214040325
0.9849624060150376 14623.478019708755 7.3903134214040325
0.9874686716791979 14640.632915125625 7.3903134214040325
0.9899749373433584 14628.122785137022 7.3903134214040325
0.9924812030075187 14639.577363425313 7.3903134214040325
0.9949874686716792 14623.506638123277 7.3903134214040325
0.9974937343358395 14621.190737738461 7.3903134214040325
1.0 14631.093938168256 7.3903134214040325
